Avtozavodskii: 142156.86274509804
Komsomolskii: 151898.7341772152
Central: 117167.60061130922
Shluzovoi: 49875.31172069825
